0,443
0,442
0,441
0,440
0,439
0,438
0,437
0,436
27,17
0,435
0,434
0,433
0,432
0,431
0,430
0,429
0,428
0,427
0,426
27,16
0,425
0,424
27,15
0,423
0,422
0,421
0,420
0,419
27,14
0,418
0,417
0,416
0,415
27,13
0,414
0,413
0,412
0,411
0,410
0,409
0,408
0,407
0,406
0,405
0,404
0,403
0,402
0,401
0,400
0,399
0,398
27,12
0,397
0,396
27,11
27,10
0,395
27,9
0,394
27,8
27,7
27,6
27,5
27,4
0,393
0,392
0,391
27,3
27,2
27,1
27,0
26,3
26,2
26,1
26,0
0,390
0,389
0,388
0,387
0,386
0,385
0,384
25,4
0,319
0,318
0,317
0,316
0,283
25,3
25,2
25,1
25,0
24,3
24,2
0,9
24,1
24,0
23,52
23,51
23,50
23,49
23,48
23,47
23,46
23,45
23,44
23,43
23,42
23,41
23,40
23,39
23,38
23,37
23,36
17,2
17,1
17,3
15,2
15,1
15,3
16,2
16,1
16,3
13,2
14,2
4,39
4,40
4,4
4,30
4,20
4,34
4,6
4,38
4,32
4,67
4,1
4,80
4,2
4,3
6,7
6,1
6,6
6,2
6,3
7,10
7,12
7,4
7,6
